Graph: c-fat200-2.clq
Work time: 0.4 second
Maximum clique size: 24.0
Nodes: [1, 2, 19, 20, 37, 38, 55, 56, 73, 74, 91, 92, 109, 110, 127, 128, 145, 146, 163, 164, 181, 182, 199, 200]
--------------------------------
Graph: c-fat500-2.clq
Work time: 2.7 second
Maximum clique size: 26.0
Nodes: [11, 12, 51, 52, 91, 92, 131, 132, 171, 172, 211, 212, 251, 252, 291, 292, 331, 332, 371, 372, 411, 412, 451, 452, 491, 492]
--------------------------------
Graph: c-fat500-5.clq
Work time: 5.7 second
Maximum clique size: 64.0
Nodes: [3, 4, 19, 20, 35, 36, 51, 52, 67, 68, 83, 84, 99, 100, 115, 116, 131, 132, 147, 148, 163, 164, 179, 180, 195, 196, 211, 212, 227, 228, 243, 244, 259, 260, 275, 276, 291, 292, 307, 308, 323, 324, 339, 340, 355, 356, 371, 372, 387, 388, 403, 404, 419, 420, 435, 436, 451, 452, 467, 468, 483, 484, 499, 500]
--------------------------------
Graph: johnson8-2-4.clq
Work time: 0.2 second
Maximum clique size: 4.0
Nodes: [6, 10, 21, 24]
--------------------------------
Graph: johnson8-4-4.clq
Work time: 0.6 second
Maximum clique size: 14.0
Nodes: [1, 2, 15, 19, 21, 29, 33, 38, 42, 50, 52, 56, 65, 68]
--------------------------------
Graph: san200_0.7_2.clq
Work time: 19.3 second
Maximum clique size: 18.0
Nodes: [4, 13, 15, 23, 26, 37, 51, 68, 70, 111, 117, 149, 162, 164, 179, 180, 192, 199]
--------------------------------
Graph: san200_0.9_1.clq
Work time: 0.9 second
Maximum clique size: 70.0
Nodes: [1, 2, 5, 7, 8, 11, 15, 16, 21, 22, 23, 24, 26, 27, 32, 33, 38, 39, 40, 43, 48, 53, 54, 56, 60, 61, 62, 68, 69, 71, 77, 80, 92, 93, 94, 104, 108, 109, 110, 119, 120, 121, 125, 136, 142, 146, 147, 151, 155, 158, 159, 160, 162, 163, 164, 165, 167, 170, 171, 172, 173, 176, 183, 186, 187, 189, 193, 195, 198, 200]
--------------------------------
Graph: san200_0.9_2.clq
Work time: 0.9 second
Maximum clique size: 60.0
Nodes: [4, 10, 12, 15, 17, 19, 23, 24, 26, 30, 33, 37, 38, 46, 51, 52, 56, 57, 58, 59, 73, 74, 75, 76, 79, 83, 86, 88, 92, 94, 98, 99, 105, 112, 114, 129, 131, 133, 135, 136, 138, 141, 144, 149, 159, 160, 161, 163, 165, 167, 168, 169, 170, 174, 177, 179, 182, 186, 195, 196]
--------------------------------
Graph: brock200_3.clq
Execution failed on timer
Work time: 20.0 second
Maximum clique size: 13.0
Nodes: [2, 6, 25, 26, 66, 91, 109, 110, 116, 134, 140, 141, 142]
--------------------------------
Graph: san200_0.9_3.clq
Execution failed on timer
Work time: 20.0 second
Maximum clique size: 36.0
Nodes: [1, 2, 3, 4, 9, 15, 25, 43, 46, 55, 57, 59, 62, 64, 66, 74, 77, 79, 85, 88, 90, 91, 98, 103, 109, 114, 119, 135, 141, 153, 154, 158, 171, 177, 185, 193]
--------------------------------
Graph: brock200_3.clq
Work time: 4403.5 second
Maximum clique size: 15.0
Nodes: [12, 29, 36, 38, 58, 84, 97, 98, 104, 118, 130, 144, 158, 173, 178]
--------------------------------
Graph: san200_0.9_3.clq
Execution failed on timer
Work time: 7200.0 second
Maximum clique size: 36.0
Nodes: [1, 3, 7, 9, 11, 15, 20, 24, 27, 34, 37, 40, 47, 51, 55, 64, 68, 74, 85, 91, 93, 109, 119, 126, 128, 129, 132, 135, 148, 156, 158, 176, 177, 189, 193, 195]
--------------------------------
