CPU = 1.8 GHz Intel Core i7, Time limit = 3600 sec
Graph: brock200_2.clq
Check passed
Work time: 520.5 second
Maximum clique size: 12.0
Nodes: [27, 48, 55, 70, 105, 120, 121, 135, 145, 149, 158, 183]
--------------------------------
Graph: C125.9.clq
Check passed
Work time: 934.4 second
Maximum clique size: 34.0
Nodes: [1, 2, 5, 7, 9, 11, 18, 25, 29, 31, 34, 40, 44, 48, 49, 54, 60, 68, 70, 71, 77, 79, 80, 83, 93, 99, 101, 110, 114, 115, 117, 121, 122, 123]
--------------------------------
Graph: MANN_a27.clq
Check passed
Work time: 61.1 second
Maximum clique size: 126.0
Nodes: [1, 2, 4, 5, 10, 11, 15, 18, 24, 30, 33, 34, 39, 42, 45, 48, 51, 54, 57, 60, 63, 66, 68, 71, 74, 78, 80, 84, 87, 89, 92, 95, 97, 101, 103, 108, 110, 112, 117, 118, 122, 126, 128, 130, 133, 138, 140, 143, 146, 150, 152, 156, 159, 161, 164, 168, 171, 174, 177, 178, 183, 185, 189, 191, 193, 197, 200, 203, 205, 210, 212, 215, 219, 222, 225, 228, 231, 234, 237, 240, 243, 246, 249, 252, 255, 258, 261, 264, 266, 269, 273, 276, 279, 282, 284, 288, 289, 292, 297, 298, 301, 304, 309, 310, 314, 318, 320, 322, 327, 330, 332, 334, 339, 340, 344, 347, 351, 354, 357, 360, 363, 365, 367, 372, 373, 376]
--------------------------------
Graph: MANN_a9.clq
Check passed
Work time: 0.1 second
Maximum clique size: 16.0
Nodes: [1, 2, 4, 5, 12, 15, 18, 21, 24, 27, 30, 33, 36, 39, 40, 43]
--------------------------------
Graph: hamming8-4.clq
Check failed
Work time: 382.3 second
Maximum clique size: 16.0
Nodes: [10, 31, 41, 54, 69, 90, 112, 115, 142, 145, 167, 188, 203, 216, 226, 253]
--------------------------------
Graph: keller4.clq
Check passed
Work time: 1547.5 second
Maximum clique size: 11.0
Nodes: [2, 15, 17, 33, 47, 87, 96, 105, 123, 129, 135]
--------------------------------
Graph: p_hat300-1.clq
Check passed
Work time: 794.4 second
Maximum clique size: 8.0
Nodes: [18, 25, 35, 107, 149, 235, 251, 256]
--------------------------------
Graph: c-fat200-1.clq
Check passed
Work time: 1.1 second
Maximum clique size: 12.0
Nodes: [11, 12, 48, 49, 85, 86, 122, 123, 159, 160, 196, 197]
--------------------------------
Graph: c-fat200-5.clq
Check passed
Work time: 4.8 second
Maximum clique size: 58.0
Nodes: [3, 4, 10, 11, 17, 18, 24, 25, 31, 32, 38, 39, 45, 46, 52, 53, 59, 60, 66, 67, 73, 74, 80, 81, 87, 88, 94, 95, 101, 102, 108, 109, 115, 116, 122, 123, 129, 130, 136, 137, 143, 144, 150, 151, 157, 158, 164, 165, 171, 172, 178, 179, 185, 186, 192, 193, 199, 200]
--------------------------------
Graph: c-fat500-1.clq
Check passed
Work time: 2.4 second
Maximum clique size: 14.0
Nodes: [1, 2, 81, 82, 161, 162, 241, 242, 321, 322, 401, 402, 481, 482]
--------------------------------
Graph: c-fat500-10.clq
Check passed
Work time: 9.5 second
Maximum clique size: 126.0
Nodes: [1, 2, 9, 10, 17, 18, 25, 26, 33, 34, 41, 42, 49, 50, 57, 58, 65, 66, 73, 74, 81, 82, 89, 90, 97, 98, 105, 106, 113, 114, 121, 122, 129, 130, 137, 138, 145, 146, 153, 154, 161, 162, 169, 170, 177, 178, 185, 186, 193, 194, 201, 202, 209, 210, 217, 218, 225, 226, 233, 234, 241, 242, 249, 250, 257, 258, 265, 266, 273, 274, 281, 282, 289, 290, 297, 298, 305, 306, 313, 314, 321, 322, 329, 330, 337, 338, 345, 346, 353, 354, 361, 362, 369, 370, 377, 378, 385, 386, 393, 394, 401, 402, 409, 410, 417, 418, 425, 426, 433, 434, 441, 442, 449, 450, 457, 458, 465, 466, 473, 474, 481, 482, 489, 490, 497, 498]
--------------------------------
Graph: MANN_a45.clq
Check passed
Work time: 2084.1 second
Maximum clique size: 345.0
Nodes: [1, 2, 3, 4, 5, 16, 17, 18, 19, 20, 41, 42, 43, 44, 45, 48, 51, 54, 57, 60, 63, 66, 69, 72, 75, 78, 79, 83, 86, 89, 92, 94, 99, 101, 103, 107, 110, 114, 116, 120, 122, 126, 129, 132, 134, 138, 141, 144, 146, 149, 153, 156, 159, 162, 165, 168, 171, 174, 177, 180, 181, 185, 187, 190, 194, 198, 199, 202, 206, 209, 212, 216, 218, 222, 224, 227, 230, 233, 236, 239, 243, 245, 248, 252, 254, 256, 261, 264, 265, 270, 273, 276, 277, 281, 283, 287, 290, 292, 296, 299, 301, 305, 308, 310, 313, 316, 319, 322, 325, 328, 331, 334, 337, 340, 343, 347, 349, 353, 356, 358, 363, 366, 369, 372, 375, 378, 381, 384, 387, 390, 391, 395, 398, 400, 404, 407, 410, 412, 416, 418, 422, 425, 428, 431, 434, 437, 440, 443, 446, 449, 452, 455, 458, 461, 464, 467, 470, 474, 477, 480, 483, 486, 488, 492, 494, 498, 501, 502, 507, 510, 512, 514, 519, 520, 523, 527, 530, 533, 536, 539, 542, 545, 548, 551, 554, 557, 561, 564, 567, 570, 573, 576, 579, 582, 585, 588, 591, 594, 597, 600, 602, 604, 607, 610, 613, 617, 620, 622, 626, 629, 631, 634, 637, 640, 643, 646, 649, 652, 655, 658, 661, 664, 667, 670, 673, 677, 680, 684, 686, 690, 693, 695, 699, 702, 705, 707, 709, 712, 717, 718, 721, 724, 729, 730, 735, 738, 741, 744, 747, 750, 753, 756, 757, 762, 765, 767, 771, 774, 777, 780, 781, 786, 787, 792, 793, 798, 801, 802, 807, 808, 812, 814, 818, 821, 824, 826, 830, 832, 837, 840, 841, 844, 847, 850, 853, 856, 859, 862, 865, 868, 873, 876, 877, 880, 883, 888, 889, 892, 895, 900, 903, 904, 907, 912, 915, 916, 919, 923, 927, 929, 932, 935, 937, 940, 945, 948, 951, 953, 955, 960, 961, 964, 969, 972, 975, 977, 980, 982, 985, 989, 993, 996, 999, 1002, 1005, 1008, 1009, 1013, 1015, 1019, 1021, 1024, 1027, 1030, 1033]
--------------------------------
Graph: hamming6-2.clq
Check failed
Work time: 0.1 second
Maximum clique size: 32.0
Nodes: [1, 2, 5, 8, 9, 12, 14, 15, 17, 20, 22, 23, 26, 27, 29, 32, 33, 36, 38, 39, 42, 43, 45, 48, 50, 51, 53, 56, 57, 60, 62, 63]
--------------------------------
Graph: hamming6-4.clq
Check failed
Work time: 1.0 second
Maximum clique size: 4.0
Nodes: [12, 22, 45, 60]
--------------------------------
Graph: hamming8-2.clq
Check failed
Work time: 2.0 second
Maximum clique size: 128.0
Nodes: [1, 2, 5, 8, 9, 12, 14, 15, 17, 20, 22, 23, 26, 27, 29, 32, 33, 36, 38, 39, 42, 43, 45, 48, 50, 51, 53, 56, 57, 60, 62, 63, 65, 68, 70, 71, 74, 75, 77, 80, 82, 83, 85, 88, 89, 92, 94, 95, 98, 99, 101, 104, 105, 108, 110, 111, 113, 116, 118, 119, 122, 123, 125, 128, 129, 132, 134, 135, 138, 139, 141, 144, 146, 147, 149, 152, 153, 156, 158, 159, 162, 163, 165, 168, 169, 172, 174, 175, 177, 180, 182, 183, 186, 187, 189, 192, 194, 195, 197, 200, 201, 204, 206, 207, 209, 212, 214, 215, 218, 219, 221, 224, 225, 228, 230, 231, 234, 235, 237, 240, 242, 243, 245, 248, 249, 252, 254, 255]
--------------------------------
Graph: san200_0.7_1.clq
Check failed
Work time: 36.1 second
Maximum clique size: 30.0
Nodes: [4, 12, 16, 19, 31, 47, 49, 57, 72, 81, 98, 101, 111, 123, 131, 136, 138, 141, 142, 150, 152, 157, 160, 161, 163, 171, 172, 175, 176, 196]
--------------------------------
Graph: brock200_4.clq
Execution failed on timer
Check passed
Work time: 6129.5 second
Maximum clique size: 17.0
Nodes: [12, 19, 28, 29, 38, 54, 65, 71, 79, 93, 117, 127, 139, 161, 165, 186, 192]
--------------------------------
Graph: brock400_1.clq
Execution failed on timer
Check failed
Work time: 3600.2 second
Maximum clique size: 22.0
Nodes: [4, 7, 18, 37, 44, 49, 81, 99, 119, 126, 137, 158, 160, 191, 203, 204, 232, 288, 365, 366, 369, 392]
--------------------------------
Graph: C250.9.clq
Execution failed on timer
Check failed
Work time: 3600.1 second
Maximum clique size: 42.0
Nodes: [2, 7, 8, 12, 15, 18, 23, 30, 35, 41, 50, 51, 52, 55, 63, 65, 68, 76, 80, 83, 108, 111, 112, 114, 117, 118, 120, 122, 135, 136, 138, 145, 165, 173, 180, 191, 196, 199, 212, 216, 234, 239]
--------------------------------
Graph: DSJC500_5.clq
Execution failed on timer
Check passed
Work time: 3600.1 second
Maximum clique size: 12.0
Nodes: [19, 75, 126, 136, 141, 155, 224, 318, 365, 373, 405, 435]
--------------------------------
Graph: gen200_p0.9_44.clq
Execution failed on timer
Check passed
Work time: 3600.0 second
Maximum clique size: 38.0
Nodes: [1, 2, 3, 19, 21, 23, 30, 35, 44, 49, 52, 61, 67, 70, 76, 88, 90, 93, 99, 100, 107, 124, 125, 137, 138, 139, 144, 161, 167, 170, 173, 174, 177, 178, 180, 182, 193, 199]
--------------------------------
Graph: keller5.clq
Execution failed on timer
Check passed
Work time: 3600.5 second
Maximum clique size: 24.0
Nodes: [18, 30, 34, 49, 72, 105, 128, 173, 181, 253, 271, 289, 362, 398, 409, 471, 491, 509, 527, 615, 648, 679, 702, 735]
--------------------------------
Graph: p_hat300-2.clq
Execution failed on timer
Check failed
Work time: 3600.1 second
Maximum clique size: 25.0
Nodes: [3, 19, 20, 21, 38, 54, 56, 75, 76, 89, 104, 126, 139, 170, 174, 179, 205, 237, 255, 259, 262, 274, 281, 296, 297]
--------------------------------
Graph: brock200_1.clq
Execution failed on timer
Check passed
Work time: 3600.0 second
Maximum clique size: 20.0
Nodes: [27, 30, 44, 47, 52, 74, 93, 101, 103, 104, 115, 137, 149, 154, 164, 170, 172, 180, 183, 197]
--------------------------------
Graph: p_hat300-3.clq
Execution failed on timer
Check passed
Work time: 3600.1 second
Maximum clique size: 35.0
Nodes: [4, 19, 20, 21, 24, 26, 33, 40, 48, 49, 56, 75, 76, 98, 139, 149, 160, 166, 174, 176, 190, 199, 205, 219, 221, 226, 239, 245, 247, 252, 255, 273, 290, 298, 299]
--------------------------------
Graph: sanr200_0.7.clq
Execution failed on timer
Check passed
Work time: 3600.0 second
Maximum clique size: 18.0
Nodes: [4, 11, 17, 20, 26, 35, 58, 72, 79, 99, 109, 124, 126, 153, 154, 158, 164, 181]
--------------------------------
