Graph: brock200_2.clq
Work time: 399.6 second
Maximum clique size: 12
Nodes: [27, 48, 55, 70, 105, 120, 121, 135, 145, 149, 158, 183]
--------------------------------
Graph: c-fat200-1.clq
Work time: 0.7 second
Maximum clique size: 12
Nodes: [10, 11, 47, 48, 84, 85, 121, 122, 158, 159, 195, 196]
--------------------------------
Graph: c-fat200-5.clq
Work time: 12.7 second
Maximum clique size: 58
Nodes: [1, 2, 8, 9, 15, 16, 22, 23, 29, 30, 36, 37, 43, 44, 50, 51, 57, 58, 64, 65, 71, 72, 78, 79, 85, 86, 92, 93, 99, 100, 106, 107, 113, 114, 120, 121, 127, 128, 134, 135, 141, 142, 148, 149, 155, 156, 162, 163, 169, 170, 176, 177, 183, 184, 190, 191, 197, 198]
--------------------------------
Graph: c-fat500-1.clq
Work time: 1.6 second
Maximum clique size: 14
Nodes: [1, 2, 81, 82, 161, 162, 241, 242, 321, 322, 401, 402, 481, 482]
--------------------------------
Graph: c-fat500-10.clq
Work time: 17.6 second
Maximum clique size: 126
Nodes: [2, 17, 74, 97, 98, 137, 170, 194, 202, 225, 241, 266, 281, 290, 298, 306, 314, 329, 330, 338, 353, 362, 370, 377, 394, 401, 434, 442, 450, 490]
--------------------------------
Graph: C125.9.clq
Work time: 1146.7 second
Maximum clique size: 34
Nodes: [1, 2, 5, 7, 9, 11, 18, 25, 29, 34, 40, 44, 48, 49, 54, 60, 68, 70, 71, 77, 79, 80, 83, 93, 99, 101, 110, 111, 114, 115, 117, 121, 122, 123]
--------------------------------
Graph: hamming6-2.clq
Work time: 0.3 second
Maximum clique size: 31
Nodes: [2, 5, 8, 9, 12, 14, 15, 17, 20, 22, 23, 26, 27, 29, 32, 33, 36, 38, 39, 42, 43, 45, 48, 50, 51, 53, 56, 57, 60, 62, 63]
--------------------------------
Graph: hamming6-4.clq
Work time: 1.0 second
Maximum clique size: 4
Nodes: [14, 20, 39, 57]
--------------------------------
Graph: hamming8-2.clq
Work time: 2.4 second
Maximum clique size: 127
Nodes: [2, 5, 8, 9, 12, 14, 15, 17, 20, 22, 23, 26, 27, 29, 32, 33, 36, 38, 39, 42, 43, 45, 48, 50, 51, 53, 56, 57, 60, 62, 63, 65, 68, 70, 71, 74, 75, 77, 80, 82, 83, 85, 88, 89, 92, 94, 95, 98, 99, 101, 104, 105, 108, 110, 111, 113, 116, 118, 119, 122, 123, 125, 128, 129, 132, 134, 135, 138, 139, 141, 144, 146, 147, 149, 152, 153, 156, 158, 159, 162, 163, 165, 168, 169, 172, 174, 175, 177, 180, 182, 183, 186, 187, 189, 192, 194, 195, 197, 200, 201, 204, 206, 207, 209, 212, 214, 215, 218, 219, 221, 224, 225, 228, 230, 231, 234, 235, 237, 240, 242, 243, 245, 248, 249, 252, 254, 255]
--------------------------------
Graph: hamming8-4.clq
Work time: 9.0 second
Maximum clique size: 16
Nodes: [21, 28, 34, 47, 67, 78, 120, 121, 136, 137, 179, 190, 210, 223, 229, 236]
--------------------------------
Graph: keller4.clq
Work time: 122.3 second
Maximum clique size: 11
Nodes: [12, 24, 43, 53, 69, 75, 102, 131, 136, 156, 171]
--------------------------------
Graph: MANN_a27.clq
Work time: 122.2 second
Maximum clique size: 126
Nodes: [1, 2, 8, 9, 10, 15, 16, 18, 20, 30, 33, 34, 38, 41, 44, 47, 49, 53, 56, 59, 61, 66, 67, 71, 74, 78, 80, 82, 85, 88, 92, 94, 97, 100, 104, 106, 109, 112, 117, 120, 122, 125, 129, 131, 134, 137, 141, 142, 147, 150, 152, 156, 158, 160, 164, 168, 169, 173, 175, 180, 183, 185, 189, 192, 193, 196, 201, 203, 207, 210, 213, 216, 217, 220, 223, 227, 231, 233, 237, 239, 242, 245, 247, 252, 255, 257, 259, 262, 267, 270, 273, 274, 277, 280, 285, 288, 291, 294, 296, 300, 302, 304, 307, 311, 315, 318, 321, 324, 327, 330, 332, 334, 339, 342, 345, 347, 351, 354, 356, 359, 361, 364, 369, 370, 374, 378]
--------------------------------
Graph: MANN_a9.clq
Work time: 1.2 second
Maximum clique size: 16
Nodes: [1, 2, 4, 5, 12, 15, 17, 21, 24, 26, 30, 33, 36, 39, 42, 43]
--------------------------------
Graph: p_hat300-1.clq
Work time: 403.8 second
Maximum clique size: 8
Nodes: [49, 91, 105, 110, 160, 197, 264, 296]
--------------------------------
Graph: san200_0.7_1.clq
Work time: 224.0 second
Maximum clique size: 30
Nodes: [12, 16, 19, 31, 47, 49, 57, 72, 81, 98, 101, 111, 123, 131, 136, 138, 141, 142, 150, 152, 157, 160, 161, 163, 171, 172, 175, 176, 196]
--------------------------------
Graph: c-fat200-2.clq
Work time: 0.3 second
Maximum clique size: 24
Nodes: [1, 2, 19, 20, 37, 38, 55, 56, 73, 74, 91, 92, 109, 110, 127, 128, 145, 146, 163, 164, 181, 182, 199, 200]
--------------------------------
Graph: c-fat500-2.clq
Work time: 2.5 second
Maximum clique size: 26
Nodes: [1, 2, 41, 42, 81, 82, 121, 122, 161, 162, 201, 202, 241, 242, 281, 282, 321, 322, 361, 362, 401, 402, 441, 442, 481, 482]
--------------------------------
Graph: c-fat500-5.clq
Work time: 20.0 second
Maximum clique size: 64
Nodes: [4, 19, 20, 84, 99, 100, 116, 147, 148, 163, 164, 179, 180, 196, 211, 227, 243, 260, 275, 307, 339, 371, 436, 451, 467, 468, 483, 484, 500]
--------------------------------
Graph: gen200_p0.9_55.clq
Work time: 59.4 second
Maximum clique size: 55
Nodes: [5, 6, 12, 14, 15, 19, 21, 25, 26, 27, 30, 33, 35, 36, 41, 62, 64, 67, 69, 73, 76, 77, 78, 79, 81, 82, 86, 88, 89, 91, 93, 95, 96, 107, 111, 113, 116, 117, 123, 129, 143, 144, 146, 147, 159, 163, 164, 169, 175, 177, 182, 187, 192, 197, 199]
--------------------------------
Graph: johnson16-2-4.clq
Work time: 0.5 second
Maximum clique size: 8
Nodes: [21, 22, 33, 47, 58, 76, 105, 109]
--------------------------------
Graph: johnson8-2-4.clq
Work time: 0.2 second
Maximum clique size: 4
Nodes: [3, 4, 21, 26]
--------------------------------
Graph: johnson8-4-4.clq
Work time: 1.3 second
Maximum clique size: 13
Nodes: [11, 14, 20, 25, 28, 29, 42, 43, 46, 51, 57, 60, 70]
--------------------------------
Graph: san200_0.7_2.clq
Work time: 47.2 second
Maximum clique size: 18
Nodes: [4, 13, 15, 23, 26, 37, 51, 68, 70, 111, 117, 149, 162, 164, 179, 180, 192, 199]
--------------------------------
Graph: san200_0.9_1.clq
Work time: 2.2 second
Maximum clique size: 70
Nodes: [1, 2, 5, 7, 8, 11, 15, 16, 21, 22, 23, 24, 26, 27, 32, 33, 38, 39, 40, 43, 48, 53, 54, 56, 60, 61, 62, 68, 69, 71, 77, 80, 92, 93, 94, 104, 108, 109, 110, 119, 120, 121, 125, 136, 142, 146, 147, 151, 155, 158, 159, 160, 162, 163, 164, 165, 167, 170, 171, 172, 173, 176, 183, 186, 187, 189, 193, 195, 198, 200]
--------------------------------
Graph: san200_0.9_2.clq
Work time: 2.3 second
Maximum clique size: 60
Nodes: [4, 10, 12, 15, 17, 19, 23, 24, 26, 30, 33, 37, 38, 46, 51, 52, 56, 57, 58, 59, 73, 74, 75, 76, 79, 83, 86, 88, 92, 94, 98, 99, 105, 112, 114, 129, 131, 133, 135, 136, 138, 141, 144, 149, 159, 160, 161, 163, 165, 167, 168, 169, 170, 174, 177, 179, 182, 186, 195, 196]
--------------------------------
Graph: brock200_3.clq
Work time: 1017.8 second
Maximum clique size: 15
Nodes: [12, 29, 36, 38, 58, 84, 97, 98, 104, 118, 130, 144, 158, 173, 178]
--------------------------------
Graph: brock200_4.clq
Work time: 2424.3 second
Maximum clique size: 17
Nodes: [12, 19, 28, 29, 38, 54, 65, 71, 79, 93, 117, 127, 139, 161, 165, 186, 192]
--------------------------------
Graph: brock200_1.clq
Execution failed on timer
Work time: 7200.0 second
Maximum clique size: 20
Nodes: [17, 22, 32, 35, 38, 43, 57, 58, 59, 83, 103, 122, 125, 132, 144, 145, 176, 179, 187, 199]
--------------------------------
Graph: gen200_p0.9_44.clq
Execution failed on timer
Work time: 7200.1 second
Maximum clique size: 38
Nodes: [5, 6, 8, 9, 10, 19, 20, 24, 39, 42, 45, 47, 49, 50, 51, 52, 61, 63, 65, 70, 72, 74, 77, 86, 88, 91, 96, 115, 121, 133, 136, 146, 148, 162, 177, 190, 193, 199]
--------------------------------
Graph: p_hat300-2.clq
Execution failed on timer
Work time: 7200.1 second
Maximum clique size: 25
Nodes: [19, 20, 21, 26, 38, 40, 48, 49, 54, 56, 75, 76, 139, 149, 165, 174, 199, 205, 237, 255, 259, 273, 274, 281, 296]
--------------------------------
Graph: san200_0.9_3.clq
Work time: 77.0 second
Maximum clique size: 44
Nodes: [8, 14, 20, 27, 34, 37, 40, 44, 47, 49, 50, 60, 67, 68, 74, 78, 80, 87, 89, 94, 100, 101, 102, 105, 111, 113, 117, 119, 120, 126, 131, 132, 142, 143, 147, 148, 159, 177, 188, 189, 195, 197, 198, 199]
--------------------------------
Graph: sanr200_0.7.clq
Execution failed on timer
Work time: 7200.1 second
Maximum clique size: 18
Nodes: [34, 35, 39, 41, 42, 55, 96, 102, 104, 105, 107, 109, 110, 124, 158, 162, 176, 184]
--------------------------------
Graph: MANN_a45.clq
Work time: 3730.0 second
Maximum clique size: 345
Nodes: [1, 2, 3, 4, 5, 16, 17, 18, 19, 20, 41, 42, 43, 44, 45, 48, 51, 54, 57, 60, 63, 66, 69, 72, 75, 78, 80, 84, 86, 89, 92, 96, 99, 101, 105, 108, 110, 113, 116, 119, 123, 125, 128, 131, 134, 138, 141, 144, 147, 150, 153, 156, 159, 162, 165, 168, 171, 174, 177, 180, 182, 184, 188, 191, 193, 196, 199, 203, 205, 209, 212, 215, 218, 221, 224, 227, 230, 233, 236, 239, 242, 245, 248, 251, 255, 258, 259, 264, 265, 268, 271, 276, 277, 282, 285, 286, 290, 293, 296, 298, 301, 304, 308, 310, 314, 316, 319, 322, 325, 328, 331, 334, 337, 340, 343, 346, 350, 352, 356, 359, 363, 366, 369, 372, 375, 378, 381, 384, 387, 390, 392, 395, 397, 400, 404, 407, 410, 412, 415, 419, 422, 425, 428, 431, 434, 437, 440, 443, 446, 449, 452, 455, 458, 461, 464, 467, 470, 473, 476, 479, 482, 485, 488, 491, 494, 498, 499, 502, 507, 508, 513, 514, 517, 522, 525, 527, 530, 533, 536, 539, 542, 545, 548, 551, 554, 558, 561, 564, 567, 570, 573, 576, 579, 582, 585, 588, 591, 594, 597, 600, 602, 604, 607, 611, 614, 617, 620, 622, 626, 629, 631, 634, 637, 640, 643, 646, 649, 652, 655, 658, 661, 664, 667, 670, 673, 677, 680, 683, 686, 689, 692, 695, 698, 701, 704, 708, 711, 714, 715, 720, 721, 726, 729, 732, 733, 736, 741, 742, 747, 750, 753, 756, 757, 760, 765, 768, 769, 772, 775, 780, 781, 784, 787, 790, 793, 796, 799, 802, 805, 808, 813, 814, 819, 822, 824, 828, 830, 832, 837, 840, 841, 844, 847, 850, 853, 856, 859, 862, 865, 868, 871, 876, 877, 880, 883, 886, 891, 894, 895, 898, 903, 904, 907, 912, 913, 916, 919, 922, 926, 930, 933, 934, 939, 941, 944, 946, 949, 954, 955, 960, 963, 964, 967, 970, 975, 976, 979, 982, 987, 989, 993, 996, 999, 1002, 1005, 1006, 1010, 1014, 1017, 1019, 1021, 1024, 1027, 1030, 1033]
--------------------------------
Graph: p_hat300-2.clq
Execution failed on timer
Work time: 7200.1 second
Maximum clique size: 25
Nodes: [19, 20, 21, 26, 38, 40, 48, 49, 54, 56, 75, 76, 139, 149, 165, 174, 199, 205, 237, 255, 259, 273, 274, 281, 296]
--------------------------------
Graph: sanr200_0.7.clq
Work time: 4134.0 second
Maximum clique size: 18
Nodes: [4, 11, 17, 20, 26, 35, 58, 72, 79, 99, 109, 124, 126, 153, 154, 158, 164, 181]
--------------------------------
